x0=4.825000 y0=3.135000 label="conventional adjoint pair" xt=1.400000 yt=1.000000 lab_fat=0 lab_color=7 boxit=1 size=0.250000 pointer=1 x_oval=0.000000 y_oval=0.000000 
x0=8.368333 y0=1.470000 label="exact adjoint pair" xt=1.000000 yt=1.500000 lab_fat=0 lab_color=7 boxit=1 size=0.250000 pointer=1 x_oval=0.000000 y_oval=0.000000 
